67
25565
31408
4199
8115
31172
28794
2023
30251
18589
4143
12121
13959
3082
14058
25306
9985
24916
9863
16707
14501
10256
22426
28761
15835
13095
4829
14147
17118
15269
6200
15802
12624
11916
2037
12822
2676
28161
10924
23277
6707
17395
25489
7808
5057
6141
2558
17006
27872
1954
16876
10916
6346
18458
29458
21591
15423
27435
10354
4593
14729
5508
18323
21363
24680
10405
12208
4919
10125
25497
7028
1937
7437
24125
14638
9311
4061
13543
18068
27989
5809
29695
14220
28377
2438
947
8386
17062
28602
27027
26829
10370
16054
18486
2785
45
20736
13015
31076
26530
